1 2 1346.2
1 5 673.1
1 3 673.1
1 7 673.1
2 4 673.1 
2 6 673.1
2 8 673.1
3 4 1346.2
3 4 h
3 6 673.1
5 6 1346.2
5 4 673.1
6 1 1165.84
11 2 673.1
11 6 673.1
8 11 673.1
8 11 h
12 5 673.1
12 1 673.1
11 12 2331.68
11 12 v
9 4 673.1
9 5 673.1
10 6 673.1
10 3 673.1
14 8 673.1
14 9 1165.84
14 4 673.1
14 10 2019.3
14 10 h
15 14 673.1
15 4 673.1
 15 4 h
15 2 1165.84
2 6 h
1 5 h
9 1 h
9 1 1346.2
9 15 673.1
4 12 1346.2
13 3 673.1
13 1 673.1
13 9 2019.3
8 4 1165.84
12 7 673.1
3 7 1165.84
10 13 1165.84
10 13 v
14 2 673.1
14 2 h
17 3 673.1
17 10 673.1
6 17 1165.84
18 5 673.1
18 12 673.1
18 9 673.1
18 4 1165.84
18 4 v
20 9 673.1
20 18 673.1
20 5 1165.84
22 20 673.1
 22 9 673.1
 22 15 673.1
22 4 1165.84
23 7 673.1
23 13 673.1
23 21 673.1
23 1 1165.84
21 13 673.1
21 17 673.1
21 3 1165.84
17 6 1165.84
17 3 h
16 6 673.1
16 11 673.1
16 10 673.1
19 11 673.1
19 16 673.1
19 6 1165.84
24 8 673.1
24 11 673.1
24 19 673.1
24 2 1165.84
15 4 h
4 3 h
3 17 h
20 18 h
18 12 h
12 7 h
7 23 h
22 9 h
9 5 h
5 1 h
1 13 h
13 21 h
12 11 v
14 9 v